{
    "samples": [
        {
            "x": 0.7406172752380371,
            "y": 6.73076868057251,
            "heading": -2.1112158574464717,
            "angularVelocity": 0,
            "velocityX": -1.289735161325189e-41,
            "velocityY": 1.1196460258426011e-41,
            "timestamp": 0
        },
        {
            "x": 0.7799128168689978,
            "y": 6.745104020712331,
            "heading": -2.134383577188394,
            "angularVelocity": -0.2590860739237023,
            "velocityX": 0.4394445252826696,
            "velocityY": 0.1603130146842381,
            "timestamp": 0.08942093795726344
        },
        {
            "x": 0.8192067742347717,
            "y": 6.759441375732422,
            "heading": -2.1575782411569033,
            "angularVelocity": -0.2593873929123275,
            "velocityX": 0.4394268083449709,
            "velocityY": 0.1603355472176236,
            "timestamp": 0.17884187591452688
        },
        {
            "x": 0.8192067742347717,
            "y": 6.759441375732422,
            "heading": -2.1575782411569033,
            "angularVelocity": 5.445597347762694e-40,
            "velocityX": 6.168958945858966e-41,
            "velocityY": -1.180866005153334e-40,
            "timestamp": 0.2682628138717903
        }
    ]
}