{
    "samples": [
        {
            "x": 0.7406172752380371,
            "y": 6.73076868057251,
            "heading": -2.1112158574464717,
            "angularVelocity": 0,
            "velocityX": 2.3796374298639058e-42,
            "velocityY": -4.1702268059145544e-42,
            "timestamp": 0
        },
        {
            "x": 0.7799128168689978,
            "y": 6.745104020712331,
            "heading": -2.1343835771883937,
            "angularVelocity": -0.2590860739237024,
            "velocityX": 0.43944452528267003,
            "velocityY": 0.16031301468423484,
            "timestamp": 0.08942093795726332
        },
        {
            "x": 0.8192067742347717,
            "y": 6.759441375732422,
            "heading": -2.1575782411569033,
            "angularVelocity": -0.25938739291232765,
            "velocityX": 0.43942680834497133,
            "velocityY": 0.16033554721762036,
            "timestamp": 0.17884187591452663
        },
        {
            "x": 0.8192067742347717,
            "y": 6.759441375732422,
            "heading": -2.1575782411569033,
            "angularVelocity": -3.3466941911420994e-40,
            "velocityX": -1.694835460139258e-41,
            "velocityY": 5.843445797020607e-41,
            "timestamp": 0.26826281387178996
        }
    ]
}